
0.54896794 0.83192847 0.01914199
0.65876153 0.29345589 -0.76129099
0.76855512 -0.63606372 -0.49677107
0.87834870 -0.67854655 0.45441205
0.98814229 0.21753528 0.79128830
1.09793588 0.84524084 0.05178003
1.20772947 0.29754265 -0.78016667
1.31752306 -0.63559042 -0.52828258
1.42731664 -0.70526112 0.44000463
1.53711023 0.19938569 0.82720490
1.64690382 0.82601150 0.07185153
1.75669741 0.32506932 -0.76460698
1.86649100 -0.62350626 -0.55899902
1.97628458 -0.73321886 0.40735374
2.08607817 0.16990930 0.82155658
2.19587176 0.89051048 0.14958890
2.30566535 0.36224079 -0.79355300
2.41545894 -0.67985057 -0.52398935
2.52525253 -0.72031153 0.48218322
2.63504611 0.17649079 0.82172697
2.74483970 0.81618139 0.08128011
2.85463329 0.33984406 -0.81203617

